--------
N:10000
kA mean:7.969
kB mean:7.9992
R0A:[0.         0.41942105 0.83884211 1.25826316 1.67768421 2.09710526
 2.51652632 2.93594737 3.35536842 3.77478947 4.19421053 4.61363158
 5.03305263 5.45247368 5.87189474 6.29131579 6.71073684 7.13015789
 7.54957895 7.969     ]
R0B:[0.         0.42101053 0.84202105 1.26303158 1.68404211 2.10505263
 2.52606316 2.94707368 3.36808421 3.78909474 4.21010526 4.63111579
 5.05212632 5.47313684 5.89414737 6.31515789 6.73616842 7.15717895
 7.57818947 7.9992    ]
betaA:[0.         0.01052632 0.02105263 0.03157895 0.04210526 0.05263158
 0.06315789 0.07368421 0.08421053 0.09473684 0.10526316 0.11578947
 0.12631579 0.13684211 0.14736842 0.15789474 0.16842105 0.17894737
 0.18947368 0.2       ]
betaB:[0.         0.01052632 0.02105263 0.03157895 0.04210526 0.05263158
 0.06315789 0.07368421 0.08421053 0.09473684 0.10526316 0.11578947
 0.12631579 0.13684211 0.14736842 0.15789474 0.16842105 0.17894737
 0.18947368 0.2       ]
gammaA:0.2
gammaB:0.2
--------
--------
N:10000
kA mean:8.0624
kB mean:7.983
R0A:[0.         0.42433684 0.84867368 1.27301053 1.69734737 2.12168421
 2.54602105 2.97035789 3.39469474 3.81903158 4.24336842 4.66770526
 5.09204211 5.51637895 5.94071579 6.36505263 6.78938947 7.21372632
 7.63806316 8.0624    ]
R0B:[0.         0.42015789 0.84031579 1.26047368 1.68063158 2.10078947
 2.52094737 2.94110526 3.36126316 3.78142105 4.20157895 4.62173684
 5.04189474 5.46205263 5.88221053 6.30236842 6.72252632 7.14268421
 7.56284211 7.983     ]
betaA:[0.         0.01052632 0.02105263 0.03157895 0.04210526 0.05263158
 0.06315789 0.07368421 0.08421053 0.09473684 0.10526316 0.11578947
 0.12631579 0.13684211 0.14736842 0.15789474 0.16842105 0.17894737
 0.18947368 0.2       ]
betaB:[0.         0.01052632 0.02105263 0.03157895 0.04210526 0.05263158
 0.06315789 0.07368421 0.08421053 0.09473684 0.10526316 0.11578947
 0.12631579 0.13684211 0.14736842 0.15789474 0.16842105 0.17894737
 0.18947368 0.2       ]
gammaA:0.2
gammaB:0.2
--------
--------
N:10000
kA mean:8.027
kB mean:8.0308
R0A:[0.         0.42247368 0.84494737 1.26742105 1.68989474 2.11236842
 2.53484211 2.95731579 3.37978947 3.80226316 4.22473684 4.64721053
 5.06968421 5.49215789 5.91463158 6.33710526 6.75957895 7.18205263
 7.60452632 8.027     ]
R0B:[0.         0.42267368 0.84534737 1.26802105 1.69069474 2.11336842
 2.53604211 2.95871579 3.38138947 3.80406316 4.22673684 4.64941053
 5.07208421 5.49475789 5.91743158 6.34010526 6.76277895 7.18545263
 7.60812632 8.0308    ]
betaA:[0.         0.01052632 0.02105263 0.03157895 0.04210526 0.05263158
 0.06315789 0.07368421 0.08421053 0.09473684 0.10526316 0.11578947
 0.12631579 0.13684211 0.14736842 0.15789474 0.16842105 0.17894737
 0.18947368 0.2       ]
betaB:[0.         0.01052632 0.02105263 0.03157895 0.04210526 0.05263158
 0.06315789 0.07368421 0.08421053 0.09473684 0.10526316 0.11578947
 0.12631579 0.13684211 0.14736842 0.15789474 0.16842105 0.17894737
 0.18947368 0.2       ]
gammaA:0.2
gammaB:0.2
--------
--------
N:10000
kA mean:7.9896
kB mean:8.0596
R0A:[0.         0.42050526 0.84101053 1.26151579 1.68202105 2.10252632
 2.52303158 2.94353684 3.36404211 3.78454737 4.20505263 4.62555789
 5.04606316 5.46656842 5.88707368 6.30757895 6.72808421 7.14858947
 7.56909474 7.9896    ]
R0B:[0.         0.42418947 0.84837895 1.27256842 1.69675789 2.12094737
 2.54513684 2.96932632 3.39351579 3.81770526 4.24189474 4.66608421
 5.09027368 5.51446316 5.93865263 6.36284211 6.78703158 7.21122105
 7.63541053 8.0596    ]
betaA:[0.         0.01052632 0.02105263 0.03157895 0.04210526 0.05263158
 0.06315789 0.07368421 0.08421053 0.09473684 0.10526316 0.11578947
 0.12631579 0.13684211 0.14736842 0.15789474 0.16842105 0.17894737
 0.18947368 0.2       ]
betaB:[0.         0.01052632 0.02105263 0.03157895 0.04210526 0.05263158
 0.06315789 0.07368421 0.08421053 0.09473684 0.10526316 0.11578947
 0.12631579 0.13684211 0.14736842 0.15789474 0.16842105 0.17894737
 0.18947368 0.2       ]
gammaA:0.2
gammaB:0.2
--------
--------
N:10000
kA mean:8.0286
kB mean:7.9462
R0A:[0.         0.42255789 0.84511579 1.26767368 1.69023158 2.11278947
 2.53534737 2.95790526 3.38046316 3.80302105 4.22557895 4.64813684
 5.07069474 5.49325263 5.91581053 6.33836842 6.76092632 7.18348421
 7.60604211 8.0286    ]
R0B:[0.         0.41822105 0.83644211 1.25466316 1.67288421 2.09110526
 2.50932632 2.92754737 3.34576842 3.76398947 4.18221053 4.60043158
 5.01865263 5.43687368 5.85509474 6.27331579 6.69153684 7.10975789
 7.52797895 7.9462    ]
betaA:[0.         0.01052632 0.02105263 0.03157895 0.04210526 0.05263158
 0.06315789 0.07368421 0.08421053 0.09473684 0.10526316 0.11578947
 0.12631579 0.13684211 0.14736842 0.15789474 0.16842105 0.17894737
 0.18947368 0.2       ]
betaB:[0.         0.01052632 0.02105263 0.03157895 0.04210526 0.05263158
 0.06315789 0.07368421 0.08421053 0.09473684 0.10526316 0.11578947
 0.12631579 0.13684211 0.14736842 0.15789474 0.16842105 0.17894737
 0.18947368 0.2       ]
gammaA:0.2
gammaB:0.2
--------
--------
N:10000
kA mean:7.9626
kB mean:8.0542
R0A:[0.         0.41908421 0.83816842 1.25725263 1.67633684 2.09542105
 2.51450526 2.93358947 3.35267368 3.77175789 4.19084211 4.60992632
 5.02901053 5.44809474 5.86717895 6.28626316 6.70534737 7.12443158
 7.54351579 7.9626    ]
R0B:[0.         0.42390526 0.84781053 1.27171579 1.69562105 2.11952632
 2.54343158 2.96733684 3.39124211 3.81514737 4.23905263 4.66295789
 5.08686316 5.51076842 5.93467368 6.35857895 6.78248421 7.20638947
 7.63029474 8.0542    ]
betaA:[0.         0.01052632 0.02105263 0.03157895 0.04210526 0.05263158
 0.06315789 0.07368421 0.08421053 0.09473684 0.10526316 0.11578947
 0.12631579 0.13684211 0.14736842 0.15789474 0.16842105 0.17894737
 0.18947368 0.2       ]
betaB:[0.         0.01052632 0.02105263 0.03157895 0.04210526 0.05263158
 0.06315789 0.07368421 0.08421053 0.09473684 0.10526316 0.11578947
 0.12631579 0.13684211 0.14736842 0.15789474 0.16842105 0.17894737
 0.18947368 0.2       ]
gammaA:0.2
gammaB:0.2
--------
--------
N:10000
kA mean:8.102
kB mean:8.0298
R0A:[0.         0.42642105 0.85284211 1.27926316 1.70568421 2.13210526
 2.55852632 2.98494737 3.41136842 3.83778947 4.26421053 4.69063158
 5.11705263 5.54347368 5.96989474 6.39631579 6.82273684 7.24915789
 7.67557895 8.102     ]
R0B:[0.         0.42262105 0.84524211 1.26786316 1.69048421 2.11310526
 2.53572632 2.95834737 3.38096842 3.80358947 4.22621053 4.64883158
 5.07145263 5.49407368 5.91669474 6.33931579 6.76193684 7.18455789
 7.60717895 8.0298    ]
betaA:[0.         0.01052632 0.02105263 0.03157895 0.04210526 0.05263158
 0.06315789 0.07368421 0.08421053 0.09473684 0.10526316 0.11578947
 0.12631579 0.13684211 0.14736842 0.15789474 0.16842105 0.17894737
 0.18947368 0.2       ]
betaB:[0.         0.01052632 0.02105263 0.03157895 0.04210526 0.05263158
 0.06315789 0.07368421 0.08421053 0.09473684 0.10526316 0.11578947
 0.12631579 0.13684211 0.14736842 0.15789474 0.16842105 0.17894737
 0.18947368 0.2       ]
gammaA:0.2
gammaB:0.2
--------
--------
N:10000
kA mean:7.9902
kB mean:7.962
R0A:[0.         0.42053684 0.84107368 1.26161053 1.68214737 2.10268421
 2.52322105 2.94375789 3.36429474 3.78483158 4.20536842 4.62590526
 5.04644211 5.46697895 5.88751579 6.30805263 6.72858947 7.14912632
 7.56966316 7.9902    ]
R0B:[0.         0.41905263 0.83810526 1.25715789 1.67621053 2.09526316
 2.51431579 2.93336842 3.35242105 3.77147368 4.19052632 4.60957895
 5.02863158 5.44768421 5.86673684 6.28578947 6.70484211 7.12389474
 7.54294737 7.962     ]
betaA:[0.         0.01052632 0.02105263 0.03157895 0.04210526 0.05263158
 0.06315789 0.07368421 0.08421053 0.09473684 0.10526316 0.11578947
 0.12631579 0.13684211 0.14736842 0.15789474 0.16842105 0.17894737
 0.18947368 0.2       ]
betaB:[0.         0.01052632 0.02105263 0.03157895 0.04210526 0.05263158
 0.06315789 0.07368421 0.08421053 0.09473684 0.10526316 0.11578947
 0.12631579 0.13684211 0.14736842 0.15789474 0.16842105 0.17894737
 0.18947368 0.2       ]
gammaA:0.2
gammaB:0.2
--------
--------
N:10000
kA mean:7.998
kB mean:8.0242
R0A:[0.         0.42094737 0.84189474 1.26284211 1.68378947 2.10473684
 2.52568421 2.94663158 3.36757895 3.78852632 4.20947368 4.63042105
 5.05136842 5.47231579 5.89326316 6.31421053 6.73515789 7.15610526
 7.57705263 7.998     ]
R0B:[0.         0.42232632 0.84465263 1.26697895 1.68930526 2.11163158
 2.53395789 2.95628421 3.37861053 3.80093684 4.22326316 4.64558947
 5.06791579 5.49024211 5.91256842 6.33489474 6.75722105 7.17954737
 7.60187368 8.0242    ]
betaA:[0.         0.01052632 0.02105263 0.03157895 0.04210526 0.05263158
 0.06315789 0.07368421 0.08421053 0.09473684 0.10526316 0.11578947
 0.12631579 0.13684211 0.14736842 0.15789474 0.16842105 0.17894737
 0.18947368 0.2       ]
betaB:[0.         0.01052632 0.02105263 0.03157895 0.04210526 0.05263158
 0.06315789 0.07368421 0.08421053 0.09473684 0.10526316 0.11578947
 0.12631579 0.13684211 0.14736842 0.15789474 0.16842105 0.17894737
 0.18947368 0.2       ]
gammaA:0.2
gammaB:0.2
--------
--------
N:10000
kA mean:8.0064
kB mean:7.9166
R0A:[0.         0.42138947 0.84277895 1.26416842 1.68555789 2.10694737
 2.52833684 2.94972632 3.37111579 3.79250526 4.21389474 4.63528421
 5.05667368 5.47806316 5.89945263 6.32084211 6.74223158 7.16362105
 7.58501053 8.0064    ]
R0B:[0.         0.41666316 0.83332632 1.24998947 1.66665263 2.08331579
 2.49997895 2.91664211 3.33330526 3.74996842 4.16663158 4.58329474
 4.99995789 5.41662105 5.83328421 6.24994737 6.66661053 7.08327368
 7.49993684 7.9166    ]
betaA:[0.         0.01052632 0.02105263 0.03157895 0.04210526 0.05263158
 0.06315789 0.07368421 0.08421053 0.09473684 0.10526316 0.11578947
 0.12631579 0.13684211 0.14736842 0.15789474 0.16842105 0.17894737
 0.18947368 0.2       ]
betaB:[0.         0.01052632 0.02105263 0.03157895 0.04210526 0.05263158
 0.06315789 0.07368421 0.08421053 0.09473684 0.10526316 0.11578947
 0.12631579 0.13684211 0.14736842 0.15789474 0.16842105 0.17894737
 0.18947368 0.2       ]
gammaA:0.2
gammaB:0.2
--------
--------
N:10000
kA mean:7.9396
kB mean:7.9378
R0A:[0.         0.41787368 0.83574737 1.25362105 1.67149474 2.08936842
 2.50724211 2.92511579 3.34298947 3.76086316 4.17873684 4.59661053
 5.01448421 5.43235789 5.85023158 6.26810526 6.68597895 7.10385263
 7.52172632 7.9396    ]
R0B:[0.         0.41777895 0.83555789 1.25333684 1.67111579 2.08889474
 2.50667368 2.92445263 3.34223158 3.76001053 4.17778947 4.59556842
 5.01334737 5.43112632 5.84890526 6.26668421 6.68446316 7.10224211
 7.52002105 7.9378    ]
betaA:[0.         0.01052632 0.02105263 0.03157895 0.04210526 0.05263158
 0.06315789 0.07368421 0.08421053 0.09473684 0.10526316 0.11578947
 0.12631579 0.13684211 0.14736842 0.15789474 0.16842105 0.17894737
 0.18947368 0.2       ]
betaB:[0.         0.01052632 0.02105263 0.03157895 0.04210526 0.05263158
 0.06315789 0.07368421 0.08421053 0.09473684 0.10526316 0.11578947
 0.12631579 0.13684211 0.14736842 0.15789474 0.16842105 0.17894737
 0.18947368 0.2       ]
gammaA:0.2
gammaB:0.2
--------
