--------
N:10000
kA mean:8.04
kB mean:8.03
R0A:[0.         0.42315789 0.84631579 1.26947368 1.69263158 2.11578947
 2.53894737 2.96210526 3.38526316 3.80842105 4.23157895 4.65473684
 5.07789474 5.50105263 5.92421053 6.34736842 6.77052632 7.19368421
 7.61684211 8.04      ]
R0B:[0.         0.42263158 0.84526316 1.26789474 1.69052632 2.11315789
 2.53578947 2.95842105 3.38105263 3.80368421 4.22631579 4.64894737
 5.07157895 5.49421053 5.91684211 6.33947368 6.76210526 7.18473684
 7.60736842 8.03      ]
betaA:[0.         0.01052632 0.02105263 0.03157895 0.04210526 0.05263158
 0.06315789 0.07368421 0.08421053 0.09473684 0.10526316 0.11578947
 0.12631579 0.13684211 0.14736842 0.15789474 0.16842105 0.17894737
 0.18947368 0.2       ]
betaB:[0.         0.01052632 0.02105263 0.03157895 0.04210526 0.05263158
 0.06315789 0.07368421 0.08421053 0.09473684 0.10526316 0.11578947
 0.12631579 0.13684211 0.14736842 0.15789474 0.16842105 0.17894737
 0.18947368 0.2       ]
gammaA:0.2
gammaB:0.2
--------
--------
N:10000
kA mean:7.946
kB mean:7.9836
R0A:[0.         0.41821053 0.83642105 1.25463158 1.67284211 2.09105263
 2.50926316 2.92747368 3.34568421 3.76389474 4.18210526 4.60031579
 5.01852632 5.43673684 5.85494737 6.27315789 6.69136842 7.10957895
 7.52778947 7.946     ]
R0B:[0.         0.42018947 0.84037895 1.26056842 1.68075789 2.10094737
 2.52113684 2.94132632 3.36151579 3.78170526 4.20189474 4.62208421
 5.04227368 5.46246316 5.88265263 6.30284211 6.72303158 7.14322105
 7.56341053 7.9836    ]
betaA:[0.         0.01052632 0.02105263 0.03157895 0.04210526 0.05263158
 0.06315789 0.07368421 0.08421053 0.09473684 0.10526316 0.11578947
 0.12631579 0.13684211 0.14736842 0.15789474 0.16842105 0.17894737
 0.18947368 0.2       ]
betaB:[0.         0.01052632 0.02105263 0.03157895 0.04210526 0.05263158
 0.06315789 0.07368421 0.08421053 0.09473684 0.10526316 0.11578947
 0.12631579 0.13684211 0.14736842 0.15789474 0.16842105 0.17894737
 0.18947368 0.2       ]
gammaA:0.2
gammaB:0.2
--------
--------
N:10000
kA mean:8.0024
kB mean:8.0592
R0A:[0.         0.42117895 0.84235789 1.26353684 1.68471579 2.10589474
 2.52707368 2.94825263 3.36943158 3.79061053 4.21178947 4.63296842
 5.05414737 5.47532632 5.89650526 6.31768421 6.73886316 7.16004211
 7.58122105 8.0024    ]
R0B:[0.         0.42416842 0.84833684 1.27250526 1.69667368 2.12084211
 2.54501053 2.96917895 3.39334737 3.81751579 4.24168421 4.66585263
 5.09002105 5.51418947 5.93835789 6.36252632 6.78669474 7.21086316
 7.63503158 8.0592    ]
betaA:[0.         0.01052632 0.02105263 0.03157895 0.04210526 0.05263158
 0.06315789 0.07368421 0.08421053 0.09473684 0.10526316 0.11578947
 0.12631579 0.13684211 0.14736842 0.15789474 0.16842105 0.17894737
 0.18947368 0.2       ]
betaB:[0.         0.01052632 0.02105263 0.03157895 0.04210526 0.05263158
 0.06315789 0.07368421 0.08421053 0.09473684 0.10526316 0.11578947
 0.12631579 0.13684211 0.14736842 0.15789474 0.16842105 0.17894737
 0.18947368 0.2       ]
gammaA:0.2
gammaB:0.2
--------
--------
N:10000
kA mean:7.9638
kB mean:8.0068
R0A:[0.         0.41914737 0.83829474 1.25744211 1.67658947 2.09573684
 2.51488421 2.93403158 3.35317895 3.77232632 4.19147368 4.61062105
 5.02976842 5.44891579 5.86806316 6.28721053 6.70635789 7.12550526
 7.54465263 7.9638    ]
R0B:[0.         0.42141053 0.84282105 1.26423158 1.68564211 2.10705263
 2.52846316 2.94987368 3.37128421 3.79269474 4.21410526 4.63551579
 5.05692632 5.47833684 5.89974737 6.32115789 6.74256842 7.16397895
 7.58538947 8.0068    ]
betaA:[0.         0.01052632 0.02105263 0.03157895 0.04210526 0.05263158
 0.06315789 0.07368421 0.08421053 0.09473684 0.10526316 0.11578947
 0.12631579 0.13684211 0.14736842 0.15789474 0.16842105 0.17894737
 0.18947368 0.2       ]
betaB:[0.         0.01052632 0.02105263 0.03157895 0.04210526 0.05263158
 0.06315789 0.07368421 0.08421053 0.09473684 0.10526316 0.11578947
 0.12631579 0.13684211 0.14736842 0.15789474 0.16842105 0.17894737
 0.18947368 0.2       ]
gammaA:0.2
gammaB:0.2
--------
--------
N:10000
kA mean:7.9346
kB mean:8.0688
R0A:[0.         0.41761053 0.83522105 1.25283158 1.67044211 2.08805263
 2.50566316 2.92327368 3.34088421 3.75849474 4.17610526 4.59371579
 5.01132632 5.42893684 5.84654737 6.26415789 6.68176842 7.09937895
 7.51698947 7.9346    ]
R0B:[0.         0.42467368 0.84934737 1.27402105 1.69869474 2.12336842
 2.54804211 2.97271579 3.39738947 3.82206316 4.24673684 4.67141053
 5.09608421 5.52075789 5.94543158 6.37010526 6.79477895 7.21945263
 7.64412632 8.0688    ]
betaA:[0.         0.01052632 0.02105263 0.03157895 0.04210526 0.05263158
 0.06315789 0.07368421 0.08421053 0.09473684 0.10526316 0.11578947
 0.12631579 0.13684211 0.14736842 0.15789474 0.16842105 0.17894737
 0.18947368 0.2       ]
betaB:[0.         0.01052632 0.02105263 0.03157895 0.04210526 0.05263158
 0.06315789 0.07368421 0.08421053 0.09473684 0.10526316 0.11578947
 0.12631579 0.13684211 0.14736842 0.15789474 0.16842105 0.17894737
 0.18947368 0.2       ]
gammaA:0.2
gammaB:0.2
--------
--------
N:10000
kA mean:8.0288
kB mean:8.056
R0A:[0.         0.42256842 0.84513684 1.26770526 1.69027368 2.11284211
 2.53541053 2.95797895 3.38054737 3.80311579 4.22568421 4.64825263
 5.07082105 5.49338947 5.91595789 6.33852632 6.76109474 7.18366316
 7.60623158 8.0288    ]
R0B:[0.    0.424 0.848 1.272 1.696 2.12  2.544 2.968 3.392 3.816 4.24  4.664
 5.088 5.512 5.936 6.36  6.784 7.208 7.632 8.056]
betaA:[0.         0.01052632 0.02105263 0.03157895 0.04210526 0.05263158
 0.06315789 0.07368421 0.08421053 0.09473684 0.10526316 0.11578947
 0.12631579 0.13684211 0.14736842 0.15789474 0.16842105 0.17894737
 0.18947368 0.2       ]
betaB:[0.         0.01052632 0.02105263 0.03157895 0.04210526 0.05263158
 0.06315789 0.07368421 0.08421053 0.09473684 0.10526316 0.11578947
 0.12631579 0.13684211 0.14736842 0.15789474 0.16842105 0.17894737
 0.18947368 0.2       ]
gammaA:0.2
gammaB:0.2
--------
--------
N:10000
kA mean:8.0626
kB mean:7.967
R0A:[0.         0.42434737 0.84869474 1.27304211 1.69738947 2.12173684
 2.54608421 2.97043158 3.39477895 3.81912632 4.24347368 4.66782105
 5.09216842 5.51651579 5.94086316 6.36521053 6.78955789 7.21390526
 7.63825263 8.0626    ]
R0B:[0.         0.41931579 0.83863158 1.25794737 1.67726316 2.09657895
 2.51589474 2.93521053 3.35452632 3.77384211 4.19315789 4.61247368
 5.03178947 5.45110526 5.87042105 6.28973684 6.70905263 7.12836842
 7.54768421 7.967     ]
betaA:[0.         0.01052632 0.02105263 0.03157895 0.04210526 0.05263158
 0.06315789 0.07368421 0.08421053 0.09473684 0.10526316 0.11578947
 0.12631579 0.13684211 0.14736842 0.15789474 0.16842105 0.17894737
 0.18947368 0.2       ]
betaB:[0.         0.01052632 0.02105263 0.03157895 0.04210526 0.05263158
 0.06315789 0.07368421 0.08421053 0.09473684 0.10526316 0.11578947
 0.12631579 0.13684211 0.14736842 0.15789474 0.16842105 0.17894737
 0.18947368 0.2       ]
gammaA:0.2
gammaB:0.2
--------
--------
N:10000
kA mean:8.0118
kB mean:8.0926
R0A:[0.         0.42167368 0.84334737 1.26502105 1.68669474 2.10836842
 2.53004211 2.95171579 3.37338947 3.79506316 4.21673684 4.63841053
 5.06008421 5.48175789 5.90343158 6.32510526 6.74677895 7.16845263
 7.59012632 8.0118    ]
R0B:[0.         0.42592632 0.85185263 1.27777895 1.70370526 2.12963158
 2.55555789 2.98148421 3.40741053 3.83333684 4.25926316 4.68518947
 5.11111579 5.53704211 5.96296842 6.38889474 6.81482105 7.24074737
 7.66667368 8.0926    ]
betaA:[0.         0.01052632 0.02105263 0.03157895 0.04210526 0.05263158
 0.06315789 0.07368421 0.08421053 0.09473684 0.10526316 0.11578947
 0.12631579 0.13684211 0.14736842 0.15789474 0.16842105 0.17894737
 0.18947368 0.2       ]
betaB:[0.         0.01052632 0.02105263 0.03157895 0.04210526 0.05263158
 0.06315789 0.07368421 0.08421053 0.09473684 0.10526316 0.11578947
 0.12631579 0.13684211 0.14736842 0.15789474 0.16842105 0.17894737
 0.18947368 0.2       ]
gammaA:0.2
gammaB:0.2
--------
