----------------------------------
N:10000
kAY mean:20.90381818181818
kAO mean:12.207777777777778
kA mean:16.9906
frac_YYA:0.5669313569790012
frac_OOA:0.2131992235750838
frac_YOA:0.21986941944591495
kBY mean:20.98018181818182
kBO mean:12.200666666666667
kB mean:17.029400000000003
frac_YYB:0.56705871305491
frac_OOB:0.21145855341925487
frac_YOB:0.22148273352583514
R0YA:[ 0.          1.10020096  2.20040191  3.30060287  4.40080383  5.50100478
  6.60120574  7.7014067   8.80160766  9.90180861 11.00200957 12.10221053
 13.20241148 14.30261244 15.4028134  16.50301435 17.60321531 18.70341627
 19.80361722 20.90381818]
R0OA:[ 0.          0.64251462  1.28502924  1.92754386  2.57005848  3.2125731
  3.85508772  4.49760234  5.14011696  5.78263158  6.4251462   7.06766082
  7.71017544  8.35269006  8.99520468  9.6377193  10.28023392 10.92274854
 11.56526316 12.20777778]
R0YB:[ 0.          1.1042201   2.20844019  3.31266029  4.41688038  5.52110048
  6.62532057  7.72954067  8.83376077  9.93798086 11.04220096 12.14642105
 13.25064115 14.35486124 15.45908134 16.56330144 17.66752153 18.77174163
 19.87596172 20.98018182]
R0OB:[ 0.          0.64214035  1.2842807   1.92642105  2.5685614   3.21070175
  3.85284211  4.49498246  5.13712281  5.77926316  6.42140351  7.06354386
  7.70568421  8.34782456  8.98996491  9.63210526 10.27424561 10.91638596
 11.55852632 12.20066667]
betaA:[0.         0.01052632 0.02105263 0.03157895 0.04210526 0.05263158
 0.06315789 0.07368421 0.08421053 0.09473684 0.10526316 0.11578947
 0.12631579 0.13684211 0.14736842 0.15789474 0.16842105 0.17894737
 0.18947368 0.2       ]
betaB:[0.         0.01052632 0.02105263 0.03157895 0.04210526 0.05263158
 0.06315789 0.07368421 0.08421053 0.09473684 0.10526316 0.11578947
 0.12631579 0.13684211 0.14736842 0.15789474 0.16842105 0.17894737
 0.18947368 0.2       ]
gammaA:0.2
gammaB:0.2
----------------------------------
