--------
N:10000
kA mean:7.9654
kB mean:7.9842
R0A:[0.         0.41923158 0.83846316 1.25769474 1.67692632 2.09615789
 2.51538947 2.93462105 3.35385263 3.77308421 4.19231579 4.61154737
 5.03077895 5.45001053 5.86924211 6.28847368 6.70770526 7.12693684
 7.54616842 7.9654    ]
R0B:[0.         0.42022105 0.84044211 1.26066316 1.68088421 2.10110526
 2.52132632 2.94154737 3.36176842 3.78198947 4.20221053 4.62243158
 5.04265263 5.46287368 5.88309474 6.30331579 6.72353684 7.14375789
 7.56397895 7.9842    ]
betaA:[0.         0.01052632 0.02105263 0.03157895 0.04210526 0.05263158
 0.06315789 0.07368421 0.08421053 0.09473684 0.10526316 0.11578947
 0.12631579 0.13684211 0.14736842 0.15789474 0.16842105 0.17894737
 0.18947368 0.2       ]
betaB:[0.         0.01052632 0.02105263 0.03157895 0.04210526 0.05263158
 0.06315789 0.07368421 0.08421053 0.09473684 0.10526316 0.11578947
 0.12631579 0.13684211 0.14736842 0.15789474 0.16842105 0.17894737
 0.18947368 0.2       ]
gammaA:0.2
gammaB:0.2
--------
--------
N:10000
kA mean:7.9314
kB mean:8.0348
R0A:[0.         0.41744211 0.83488421 1.25232632 1.66976842 2.08721053
 2.50465263 2.92209474 3.33953684 3.75697895 4.17442105 4.59186316
 5.00930526 5.42674737 5.84418947 6.26163158 6.67907368 7.09651579
 7.51395789 7.9314    ]
R0B:[0.         0.42288421 0.84576842 1.26865263 1.69153684 2.11442105
 2.53730526 2.96018947 3.38307368 3.80595789 4.22884211 4.65172632
 5.07461053 5.49749474 5.92037895 6.34326316 6.76614737 7.18903158
 7.61191579 8.0348    ]
betaA:[0.         0.01052632 0.02105263 0.03157895 0.04210526 0.05263158
 0.06315789 0.07368421 0.08421053 0.09473684 0.10526316 0.11578947
 0.12631579 0.13684211 0.14736842 0.15789474 0.16842105 0.17894737
 0.18947368 0.2       ]
betaB:[0.         0.01052632 0.02105263 0.03157895 0.04210526 0.05263158
 0.06315789 0.07368421 0.08421053 0.09473684 0.10526316 0.11578947
 0.12631579 0.13684211 0.14736842 0.15789474 0.16842105 0.17894737
 0.18947368 0.2       ]
gammaA:0.2
gammaB:0.2
--------
--------
N:10000
kA mean:7.9754
kB mean:7.9004
R0A:[0.         0.41975789 0.83951579 1.25927368 1.67903158 2.09878947
 2.51854737 2.93830526 3.35806316 3.77782105 4.19757895 4.61733684
 5.03709474 5.45685263 5.87661053 6.29636842 6.71612632 7.13588421
 7.55564211 7.9754    ]
R0B:[0.         0.41581053 0.83162105 1.24743158 1.66324211 2.07905263
 2.49486316 2.91067368 3.32648421 3.74229474 4.15810526 4.57391579
 4.98972632 5.40553684 5.82134737 6.23715789 6.65296842 7.06877895
 7.48458947 7.9004    ]
betaA:[0.         0.01052632 0.02105263 0.03157895 0.04210526 0.05263158
 0.06315789 0.07368421 0.08421053 0.09473684 0.10526316 0.11578947
 0.12631579 0.13684211 0.14736842 0.15789474 0.16842105 0.17894737
 0.18947368 0.2       ]
betaB:[0.         0.01052632 0.02105263 0.03157895 0.04210526 0.05263158
 0.06315789 0.07368421 0.08421053 0.09473684 0.10526316 0.11578947
 0.12631579 0.13684211 0.14736842 0.15789474 0.16842105 0.17894737
 0.18947368 0.2       ]
gammaA:0.2
gammaB:0.2
--------
