--------
N:10000
kA mean:8.0142
kB mean:8.046
R0A:[0.     0.4218 0.8436 1.2654 1.6872 2.109  2.5308 2.9526 3.3744 3.7962
 4.218  4.6398 5.0616 5.4834 5.9052 6.327  6.7488 7.1706 7.5924 8.0142]
R0B:[0.         0.42347368 0.84694737 1.27042105 1.69389474 2.11736842
 2.54084211 2.96431579 3.38778947 3.81126316 4.23473684 4.65821053
 5.08168421 5.50515789 5.92863158 6.35210526 6.77557895 7.19905263
 7.62252632 8.046     ]
betaA:[0.         0.01052632 0.02105263 0.03157895 0.04210526 0.05263158
 0.06315789 0.07368421 0.08421053 0.09473684 0.10526316 0.11578947
 0.12631579 0.13684211 0.14736842 0.15789474 0.16842105 0.17894737
 0.18947368 0.2       ]
betaB:[0.         0.01052632 0.02105263 0.03157895 0.04210526 0.05263158
 0.06315789 0.07368421 0.08421053 0.09473684 0.10526316 0.11578947
 0.12631579 0.13684211 0.14736842 0.15789474 0.16842105 0.17894737
 0.18947368 0.2       ]
gammaA:0.2
gammaB:0.2
--------
--------
N:10000
kA mean:7.9536
kB mean:7.9836
R0A:[0.         0.41861053 0.83722105 1.25583158 1.67444211 2.09305263
 2.51166316 2.93027368 3.34888421 3.76749474 4.18610526 4.60471579
 5.02332632 5.44193684 5.86054737 6.27915789 6.69776842 7.11637895
 7.53498947 7.9536    ]
R0B:[0.         0.42018947 0.84037895 1.26056842 1.68075789 2.10094737
 2.52113684 2.94132632 3.36151579 3.78170526 4.20189474 4.62208421
 5.04227368 5.46246316 5.88265263 6.30284211 6.72303158 7.14322105
 7.56341053 7.9836    ]
betaA:[0.         0.01052632 0.02105263 0.03157895 0.04210526 0.05263158
 0.06315789 0.07368421 0.08421053 0.09473684 0.10526316 0.11578947
 0.12631579 0.13684211 0.14736842 0.15789474 0.16842105 0.17894737
 0.18947368 0.2       ]
betaB:[0.         0.01052632 0.02105263 0.03157895 0.04210526 0.05263158
 0.06315789 0.07368421 0.08421053 0.09473684 0.10526316 0.11578947
 0.12631579 0.13684211 0.14736842 0.15789474 0.16842105 0.17894737
 0.18947368 0.2       ]
gammaA:0.2
gammaB:0.2
--------
--------
N:10000
kA mean:8.0856
kB mean:8.025
R0A:[0.         0.42555789 0.85111579 1.27667368 1.70223158 2.12778947
 2.55334737 2.97890526 3.40446316 3.83002105 4.25557895 4.68113684
 5.10669474 5.53225263 5.95781053 6.38336842 6.80892632 7.23448421
 7.66004211 8.0856    ]
R0B:[0.         0.42236842 0.84473684 1.26710526 1.68947368 2.11184211
 2.53421053 2.95657895 3.37894737 3.80131579 4.22368421 4.64605263
 5.06842105 5.49078947 5.91315789 6.33552632 6.75789474 7.18026316
 7.60263158 8.025     ]
betaA:[0.         0.01052632 0.02105263 0.03157895 0.04210526 0.05263158
 0.06315789 0.07368421 0.08421053 0.09473684 0.10526316 0.11578947
 0.12631579 0.13684211 0.14736842 0.15789474 0.16842105 0.17894737
 0.18947368 0.2       ]
betaB:[0.         0.01052632 0.02105263 0.03157895 0.04210526 0.05263158
 0.06315789 0.07368421 0.08421053 0.09473684 0.10526316 0.11578947
 0.12631579 0.13684211 0.14736842 0.15789474 0.16842105 0.17894737
 0.18947368 0.2       ]
gammaA:0.2
gammaB:0.2
--------
--------
N:10000
kA mean:8.0314
kB mean:7.9928
R0A:[0.         0.42270526 0.84541053 1.26811579 1.69082105 2.11352632
 2.53623158 2.95893684 3.38164211 3.80434737 4.22705263 4.64975789
 5.07246316 5.49516842 5.91787368 6.34057895 6.76328421 7.18598947
N:10000
kA mean:15.9448
kB mean:16.0068
R0A:[ 0.      0.8392  1.6784  2.5176  3.3568  4.196   5.0352  5.8744  6.7136
  7.5528  8.392   9.2312 10.0704 10.9096 11.7488 12.588  13.4272 14.2664
 15.1056 15.9448]
R0B:[ 0.          0.84246316  1.68492632  2.52738947  3.36985263  4.21231579
  5.05477895  5.89724211  6.73970526  7.58216842  8.42463158  9.26709474
 10.10955789 10.95202105 11.79448421 12.63694737 13.47941053 14.32187368
 15.16433684 16.0068    ]
betaA:[0.         0.01052632 0.02105263 0.03157895 0.04210526 0.05263158
 0.06315789 0.07368421 0.08421053 0.09473684 0.10526316 0.11578947
 0.12631579 0.13684211 0.14736842 0.15789474 0.16842105 0.17894737
 0.18947368 0.2       ]
betaB:[0.         0.01052632 0.02105263 0.03157895 0.04210526 0.05263158
 0.06315789 0.07368421 0.08421053 0.09473684 0.10526316 0.11578947
 0.12631579 0.13684211 0.14736842 0.15789474 0.16842105 0.17894737
 0.18947368 0.2       ]
gammaA:0.2
gammaB:0.2
--------
--------
N:10000
kA mean:16.0706
kB mean:16.106
R0A:[ 0.          0.84582105  1.69164211  2.53746316  3.38328421  4.22910526
  5.07492632  5.92074737  6.76656842  7.61238947  8.45821053  9.30403158
 10.14985263 10.99567368 11.84149474 12.68731579 13.53313684 14.37895789
 15.22477895 16.0706    ]
R0B:[ 0.          0.84768421  1.69536842  2.54305263  3.39073684  4.23842105
  5.08610526  5.93378947  6.78147368  7.62915789  8.47684211  9.32452632
 10.17221053 11.01989474 11.86757895 12.71526316 13.56294737 14.41063158
 15.25831579 16.106     ]
betaA:[0.         0.01052632 0.02105263 0.03157895 0.04210526 0.05263158
 0.06315789 0.07368421 0.08421053 0.09473684 0.10526316 0.11578947
 0.12631579 0.13684211 0.14736842 0.15789474 0.16842105 0.17894737
 0.18947368 0.2       ]
betaB:[0.         0.01052632 0.02105263 0.03157895 0.04210526 0.05263158
 0.06315789 0.07368421 0.08421053 0.09473684 0.10526316 0.11578947
 0.12631579 0.13684211 0.14736842 0.15789474 0.16842105 0.17894737
 0.18947368 0.2       ]
gammaA:0.2
gammaB:0.2
--------
--------
N:10000
kA mean:16.0748
kB mean:16.0176
R0A:[ 0.          0.84604211  1.69208421  2.53812632  3.38416842  4.23021053
  5.07625263  5.92229474  6.76833684  7.61437895  8.46042105  9.30646316
 10.15250526 10.99854737 11.84458947 12.69063158 13.53667368 14.38271579
 15.22875789 16.0748    ]
R0B:[ 0.          0.84303158  1.68606316  2.52909474  3.37212632  4.21515789
  5.05818947  5.90122105  6.74425263  7.58728421  8.43031579  9.27334737
 10.11637895 10.95941053 11.80244211 12.64547368 13.48850526 14.33153684
 15.17456842 16.0176    ]
betaA:[0.         0.01052632 0.02105263 0.03157895 0.04210526 0.05263158
 0.06315789 0.07368421 0.08421053 0.09473684 0.10526316 0.11578947
 0.12631579 0.13684211 0.14736842 0.15789474 0.16842105 0.17894737
 0.18947368 0.2       ]
betaB:[0.         0.01052632 0.02105263 0.03157895 0.04210526 0.05263158
 0.06315789 0.07368421 0.08421053 0.09473684 0.10526316 0.11578947
 0.12631579 0.13684211 0.14736842 0.15789474 0.16842105 0.17894737
 0.18947368 0.2       ]
gammaA:0.2
gammaB:0.2
--------

