----------------------------------
N:10000
kAY mean:11.582541745825418
kAO mean:5.489151084891511
frac_YYA:0.5685117542380819
frac_OOA:0.2113304298960382
frac_YOA:0.22015781586587993
kBY mean:11.52124787521248
kBO mean:5.4544545545445455
frac_YYB:0.5692517839900144
frac_OOB:0.21137043404535927
frac_YOB:0.21937778196462637
R0YA:[ 0.          0.60960746  1.21921492  1.82882238  2.43842984  3.0480373
  3.65764476  4.26725222  4.87685968  5.48646714  6.0960746   6.70568206
  7.31528952  7.92489698  8.53450444  9.1441119   9.75371936 10.36332683
 10.97293429 11.58254175]
R0OA:[0.         0.28890269 0.57780538 0.86670807 1.15561075 1.44451344
 1.73341613 2.02231882 2.31122151 2.6001242  2.88902689 3.17792958
 3.46683226 3.75573495 4.04463764 4.33354033 4.62244302 4.91134571
 5.2002484  5.48915108]
R0YB:[ 0.          0.60638147  1.21276293  1.8191444   2.42552587  3.03190734
  3.6382888   4.24467027  4.85105174  5.4574332   6.06381467  6.67019614
  7.27657761  7.88295907  8.48934054  9.09572201  9.70210347 10.30848494
 10.91486641 11.52124788]
R0OB:[0.         0.28707656 0.57415311 0.86122967 1.14830622 1.43538278
 1.72245933 2.00953589 2.29661244 2.583689   2.87076556 3.15784211
 3.44491867 3.73199522 4.01907178 4.30614833 4.59322489 4.88030144
 5.167378   5.45445455]
betaA:[0.         0.01052632 0.02105263 0.03157895 0.04210526 0.05263158
 0.06315789 0.07368421 0.08421053 0.09473684 0.10526316 0.11578947
 0.12631579 0.13684211 0.14736842 0.15789474 0.16842105 0.17894737
 0.18947368 0.2       ]
betaB:[0.         0.01052632 0.02105263 0.03157895 0.04210526 0.05263158
 0.06315789 0.07368421 0.08421053 0.09473684 0.10526316 0.11578947
 0.12631579 0.13684211 0.14736842 0.15789474 0.16842105 0.17894737
 0.18947368 0.2       ]
gammaA:0.2
gammaB:0.2
----------------------------------
----------------------------------
N:10000
kAY mean:11.537146285371463
kAO mean:5.496950304969503
frac_YYA:0.5667186821696332
frac_OOA:0.21170700801351622
frac_YOA:0.22157430981685067
kBY mean:11.542245775422458
kBO mean:5.487851214878512
frac_YYB:0.5674099284121582
frac_OOB:0.21146579040018776
frac_YOB:0.22112428118765404
R0YA:[ 0.          0.60721823  1.21443645  1.82165468  2.4288729   3.03609113
  3.64330935  4.25052758  4.8577458   5.46496403  6.07218226  6.67940048
  7.28661871  7.89383693  8.50105516  9.10827338  9.71549161 10.32270983
 10.92992806 11.53714629]
R0OA:[0.         0.28931317 0.57862635 0.86793952 1.1572527  1.44656587
 1.73587904 2.02519222 2.31450539 2.60381857 2.89313174 3.18244491
 3.47175809 3.76107126 4.05038444 4.33969761 4.62901078 4.91832396
 5.20763713 5.4969503 ]
R0YB:[ 0.          0.60748662  1.21497324  1.82245986  2.42994648  3.0374331
  3.64491972  4.25240634  4.85989296  5.46737958  6.0748662   6.68235282
  7.28983944  7.89732606  8.50481268  9.1122993   9.71978592 10.32727254
 10.93475916 11.54224578]
R0OB:[0.         0.28883427 0.57766855 0.86650282 1.1553371  1.44417137
 1.73300565 2.02183992 2.3106742  2.59950847 2.88834274 3.17717702
 3.46601129 3.75484557 4.04367984 4.33251412 4.62134839 4.91018267
 5.19901694 5.48785121]
betaA:[0.         0.01052632 0.02105263 0.03157895 0.04210526 0.05263158
 0.06315789 0.07368421 0.08421053 0.09473684 0.10526316 0.11578947
 0.12631579 0.13684211 0.14736842 0.15789474 0.16842105 0.17894737
 0.18947368 0.2       ]
betaB:[0.         0.01052632 0.02105263 0.03157895 0.04210526 0.05263158
 0.06315789 0.07368421 0.08421053 0.09473684 0.10526316 0.11578947
 0.12631579 0.13684211 0.14736842 0.15789474 0.16842105 0.17894737
 0.18947368 0.2       ]
gammaA:0.2
gammaB:0.2
----------------------------------
----------------------------------
N:10000
kAY mean:11.476852314768523
kAO mean:5.472052794720528
frac_YYA:0.5671226415094339
frac_OOA:0.21254716981132077
frac_YOA:0.22033018867924528
kBY mean:11.531946805319468
kBO mean:5.497350264973503
frac_YYB:0.56742291757139
frac_OOB:0.21255619065503925
frac_YOB:0.22002089177357073
R0YA:[ 0.          0.60404486  1.20808972  1.81213458  2.41617943  3.02022429
  3.62426915  4.22831401  4.83235887  5.43640373  6.04044859  6.64449345
  7.2485383   7.85258316  8.45662802  9.06067288  9.66471774 10.2687626
 10.87280746 11.47685231]
R0OA:[0.         0.28800278 0.57600556 0.86400834 1.15201111 1.44001389
 1.72801667 2.01601945 2.30402223 2.59202501 2.88002779 3.16803057
 3.45603334 3.74403612 4.0320389  4.32004168 4.60804446 4.89604724
 5.18405002 5.47205279]
R0YB:[ 0.          0.60694457  1.21388914  1.82083371  2.42777827  3.03472284
  3.64166741  4.24861198  4.85555655  5.46250112  6.06944569  6.67639026
  7.28333482  7.89027939  8.49722396  9.10416853  9.7111131  10.31805767
 10.92500224 11.53194681]
R0OB:[0.         0.28933422 0.57866845 0.86800267 1.1573369  1.44667112
 1.73600535 2.02533957 2.3146738  2.60400802 2.89334224 3.18267647
 3.47201069 3.76134492 4.05067914 4.34001337 4.62934759 4.91868182
 5.20801604 5.49735026]
betaA:[0.         0.01052632 0.02105263 0.03157895 0.04210526 0.05263158
 0.06315789 0.07368421 0.08421053 0.09473684 0.10526316 0.11578947
 0.12631579 0.13684211 0.14736842 0.15789474 0.16842105 0.17894737
 0.18947368 0.2       ]
betaB:[0.         0.01052632 0.02105263 0.03157895 0.04210526 0.05263158
 0.06315789 0.07368421 0.08421053 0.09473684 0.10526316 0.11578947
 0.12631579 0.13684211 0.14736842 0.15789474 0.16842105 0.17894737
 0.18947368 0.2       ]
gammaA:0.2
gammaB:0.2
----------------------------------
----------------------------------
N:10000
kAY mean:11.56994300569943
kAO mean:5.532946705329467
frac_YYA:0.567481974033259
frac_OOA:0.21399773287679238
frac_YOA:0.2185202930899487
kBY mean:11.515548445155485
kBO mean:5.495550444955504
frac_YYB:0.5657772608179714
frac_OOB:0.21144830989390576
frac_YOB:0.22277442928812285
R0YA:[ 0.          0.60894437  1.21788874  1.82683311  2.43577747  3.04472184
  3.65366621  4.26261058  4.87155495  5.48049932  6.08944369  6.69838806
  7.30733242  7.91627679  8.52522116  9.13416553  9.7431099  10.35205427
 10.96099864 11.56994301]
R0OA:[0.         0.29120772 0.58241544 0.87362316 1.16483089 1.45603861
 1.74724633 2.03845405 2.32966177 2.62086949 2.91207721 3.20328493
 3.49449266 3.78570038 4.0769081  4.36811582 4.65932354 4.95053126
 5.24173898 5.53294671]
R0YB:[ 0.          0.6060815   1.21216299  1.81824449  2.42432599  3.03040749
  3.63648898  4.24257048  4.84865198  5.45473347  6.06081497  6.66689647
  7.27297797  7.87905946  8.48514096  9.09122246  9.69730395 10.30338545
 10.90946695 11.51554845]
R0OB:[0.         0.2892395  0.57847899 0.86771849 1.15695799 1.44619749
 1.73543698 2.02467648 2.31391598 2.60315547 2.89239497 3.18163447
 3.47087397 3.76011346 4.04935296 4.33859246 4.62783195 4.91707145
 5.20631095 5.49555044]
betaA:[0.         0.01052632 0.02105263 0.03157895 0.04210526 0.05263158
 0.06315789 0.07368421 0.08421053 0.09473684 0.10526316 0.11578947
 0.12631579 0.13684211 0.14736842 0.15789474 0.16842105 0.17894737
 0.18947368 0.2       ]
betaB:[0.         0.01052632 0.02105263 0.03157895 0.04210526 0.05263158
 0.06315789 0.07368421 0.08421053 0.09473684 0.10526316 0.11578947
 0.12631579 0.13684211 0.14736842 0.15789474 0.16842105 0.17894737
 0.18947368 0.2       ]
gammaA:0.2
gammaB:0.2
----------------------------------
----------------------------------
N:10000
kAY mean:11.566343365663434
kAO mean:5.504749525047496
frac_YYA:0.5680115206294197
frac_OOA:0.21248770664543623
frac_YOA:0.219500772725144
kBY mean:11.539746025397461
kBO mean:5.468353164683531
frac_YYB:0.5689559955349275
frac_OOB:0.2113741848305035
frac_YOB:0.21966981963456905
R0YA:[ 0.          0.60875491  1.21750983  1.82626474  2.43501966  3.04377457
  3.65252948  4.2612844   4.87003931  5.47879423  6.08754914  6.69630405
  7.30505897  7.91381388  8.5225688   9.13132371  9.74007862 10.34883354
 10.95758845 11.56634337]
R0OA:[0.         0.28972366 0.57944732 0.86917098 1.15889464 1.4486183
 1.73834196 2.02806561 2.31778927 2.60751293 2.89723659 3.18696025
 3.47668391 3.76640757 4.05613123 4.34585489 4.63557855 4.92530221
 5.21502587 5.50474953]
R0YB:[ 0.          0.60735505  1.21471011  1.82206516  2.42942022  3.03677527
  3.64413032  4.25148538  4.85884043  5.46619549  6.07355054  6.68090559
  7.28826065  7.8956157   8.50297076  9.11032581  9.71768086 10.32503592
 10.93239097 11.53974603]
R0OB:[0.         0.28780806 0.57561612 0.86342418 1.15123225 1.43904031
 1.72684837 2.01465643 2.30246449 2.59027255 2.87808061 3.16588867
 3.45369674 3.7415048  4.02931286 4.31712092 4.60492898 4.89273704
 5.1805451  5.46835316]
betaA:[0.         0.01052632 0.02105263 0.03157895 0.04210526 0.05263158
 0.06315789 0.07368421 0.08421053 0.09473684 0.10526316 0.11578947
 0.12631579 0.13684211 0.14736842 0.15789474 0.16842105 0.17894737
 0.18947368 0.2       ]
betaB:[0.         0.01052632 0.02105263 0.03157895 0.04210526 0.05263158
 0.06315789 0.07368421 0.08421053 0.09473684 0.10526316 0.11578947
 0.12631579 0.13684211 0.14736842 0.15789474 0.16842105 0.17894737
 0.18947368 0.2       ]
gammaA:0.2
gammaB:0.2
----------------------------------
----------------------------------
N:10000
kAY mean:11.486751324867512
kAO mean:5.51014898510149
frac_YYA:0.5655931426152598
frac_OOA:0.21368184650840125
frac_YOA:0.22072501087633897
kBY mean:11.43985601439856
kBO mean:5.388261173882611
frac_YYB:0.5705445691549379
frac_OOB:0.21053506740305244
frac_YOB:0.21892036344200963
R0YA:[ 0.          0.60456586  1.20913172  1.81369758  2.41826344  3.0228293
  3.62739516  4.23196101  4.83652687  5.44109273  6.04565859  6.65022445
  7.25479031  7.85935617  8.46392203  9.06848789  9.67305375 10.27761961
 10.88218547 11.48675132]
R0OA:[0.         0.29000784 0.58001568 0.87002352 1.16003137 1.45003921
 1.74004705 2.03005489 2.32006273 2.61007057 2.90007841 3.19008625
 3.4800941  3.77010194 4.06010978 4.35011762 4.64012546 4.9301333
 5.22014114 5.51014899]
R0YB:[ 0.          0.60209768  1.20419537  1.80629305  2.40839074  3.01048842
  3.61258611  4.21468379  4.81678148  5.41887916  6.02097685  6.62307453
  7.22517222  7.8272699   8.42936759  9.03146527  9.63356296 10.23566064
 10.83775833 11.43985601]
R0OB:[0.         0.28359269 0.56718539 0.85077808 1.13437077 1.41796347
 1.70155616 1.98514885 2.26874155 2.55233424 2.83592693 3.11951963
 3.40311232 3.68670501 3.97029771 4.2538904  4.53748309 4.82107579
 5.10466848 5.38826117]
betaA:[0.         0.01052632 0.02105263 0.03157895 0.04210526 0.05263158
 0.06315789 0.07368421 0.08421053 0.09473684 0.10526316 0.11578947
 0.12631579 0.13684211 0.14736842 0.15789474 0.16842105 0.17894737
 0.18947368 0.2       ]
betaB:[0.         0.01052632 0.02105263 0.03157895 0.04210526 0.05263158
 0.06315789 0.07368421 0.08421053 0.09473684 0.10526316 0.11578947
 0.12631579 0.13684211 0.14736842 0.15789474 0.16842105 0.17894737
 0.18947368 0.2       ]
gammaA:0.2
gammaB:0.2
----------------------------------
----------------------------------
N:10000
kAY mean:11.541745825417458
kAO mean:5.4545545445455454
frac_YYA:0.5700241077203504
frac_OOA:0.21158346563179867
frac_YOA:0.21839242664785088
kBY mean:11.58824117588241
kBO mean:5.518048195180482
frac_YYB:0.5670101888203403
frac_OOB:0.21186203028603479
frac_YOB:0.22112778089362498
R0YA:[ 0.          0.60746031  1.21492061  1.82238092  2.42984123  3.03730153
  3.64476184  4.25222215  4.85968245  5.46714276  6.07460307  6.68206337
  7.28952368  7.89698399  8.50444429  9.1119046   9.71936491 10.32682521
 10.93428552 11.54174583]
R0OA:[0.         0.28708182 0.57416364 0.86124545 1.14832727 1.43540909
 1.72249091 2.00957273 2.29665455 2.58373636 2.87081818 3.1579
 3.44498182 3.73206364 4.01914545 4.30622727 4.59330909 4.88039091
 5.16747273 5.45455454]
R0YB:[ 0.          0.60990743  1.21981486  1.82972229  2.43962972  3.04953715
  3.65944458  4.26935201  4.87925944  5.48916687  6.0990743   6.70898173
  7.31888916  7.92879659  8.53870402  9.14861145  9.75851888 10.36842632
 10.97833375 11.58824118]
R0OB:[0.         0.29042359 0.58084718 0.87127077 1.16169436 1.45211795
 1.74254154 2.03296512 2.32338871 2.6138123  2.90423589 3.19465948
 3.48508307 3.77550666 4.06593025 4.35635384 4.64677743 4.93720102
 5.22762461 5.5180482 ]
betaA:[0.         0.01052632 0.02105263 0.03157895 0.04210526 0.05263158
 0.06315789 0.07368421 0.08421053 0.09473684 0.10526316 0.11578947
 0.12631579 0.13684211 0.14736842 0.15789474 0.16842105 0.17894737
 0.18947368 0.2       ]
betaB:[0.         0.01052632 0.02105263 0.03157895 0.04210526 0.05263158
 0.06315789 0.07368421 0.08421053 0.09473684 0.10526316 0.11578947
 0.12631579 0.13684211 0.14736842 0.15789474 0.16842105 0.17894737
 0.18947368 0.2       ]
gammaA:0.2
gammaB:0.2
----------------------------------
----------------------------------
N:10000
kAY mean:11.601039896010398
kAO mean:5.503449655034497
frac_YYA:0.5687213758295168
frac_OOA:0.21187727825030378
frac_YOA:0.21940134592017946
kBY mean:11.526347365263474
kBO mean:5.470552944705529
frac_YYB:0.568495566896357
frac_OOB:0.21167187977705135
frac_YOB:0.21983255332659157
R0YA:[ 0.          0.61058105  1.22116209  1.83174314  2.44232419  3.05290524
  3.66348628  4.27406733  4.88464838  5.49522942  6.10581047  6.71639152
  7.32697257  7.93755361  8.54813466  9.15871571  9.76929675 10.3798778
 10.99045885 11.6010399 ]
R0OA:[0.         0.28965525 0.57931049 0.86896574 1.15862098 1.44827623
 1.73793147 2.02758672 2.31724196 2.60689721 2.89655245 3.1862077
 3.47586294 3.76551819 4.05517343 4.34482868 4.63448392 4.92413917
 5.21379441 5.50344966]
R0YB:[ 0.          0.60664986  1.21329972  1.81994958  2.42659945  3.03324931
  3.63989917  4.24654903  4.85319889  5.45984875  6.06649861  6.67314847
  7.27979834  7.8864482   8.49309806  9.09974792  9.70639778 10.31304764
 10.9196975  11.52634737]
R0OB:[0.         0.28792384 0.57584768 0.86377152 1.15169536 1.4396192
 1.72754304 2.01546687 2.30339071 2.59131455 2.87923839 3.16716223
 3.45508607 3.74300991 4.03093375 4.31885759 4.60678143 4.89470527
 5.18262911 5.47055294]
betaA:[0.         0.01052632 0.02105263 0.03157895 0.04210526 0.05263158
 0.06315789 0.07368421 0.08421053 0.09473684 0.10526316 0.11578947
 0.12631579 0.13684211 0.14736842 0.15789474 0.16842105 0.17894737
 0.18947368 0.2       ]
betaB:[0.         0.01052632 0.02105263 0.03157895 0.04210526 0.05263158
 0.06315789 0.07368421 0.08421053 0.09473684 0.10526316 0.11578947
 0.12631579 0.13684211 0.14736842 0.15789474 0.16842105 0.17894737
 0.18947368 0.2       ]
gammaA:0.2
gammaB:0.2
----------------------------------
